00000047
00000000
00000008
00000001
00000000
00000000
00000000
00000000
0000000f
00000000
00000000
00000000
00000000
00000000
00000000
00000000
00000010
ec7201f0
00000034
1cd1010f
00000034
1c11011f
00000011
2cc10101
1c7208f0
00000002
1fe00008
10728ff0
00000019
1c030178
1c000211
2c000311
1d5507ff
00000019
00000024
00000032
0c000321
00000000
00000000
00000000
00000000
00000000
00000000
00000000
00000000
00000000
00000000
00000000
00000000
00000000
00000000
00000000
00000000
00000013
00000000
00000000
00000000
00000000
00000000
00000000
00000000
00000000
00000000
00000000
00000000
00000000
00000000
00000000
00000000
00000010
1c00012f
1c720ff0
00000010
